98	107	25	21

0	10	10	0	9999
1	10	20	1	9999
2	10	30	92	9999
3	400	10	0	3
4	375	20	1	4
5	350	30	2	5
6	425	20	4	6
7	450	20	6	7
8	475	30	7	8
9	495	50	8	9
10	505	75	9	10
11	505	105	10	11
12	505	130	11	12
13	515	155	12	13
14	535	175	13	14
15	560	185	14	15
16	585	185	15	16
17	610	175	16	17
18	630	155	17	18
19	640	130	18	19
20	640	75	19	20
21	630	50	20	21
22	610	30	21	22
23	585	20	22	23
24	610	185	24	25
25	635	175	25	26
26	710	100	26	27
27	735	90	36	28
28	495	130	29	30
29	475	150	30	31
30	450	160	31	32
31	425	160	32	33
32	400	150	33	34
33	350	100	34	35
34	325	90	35	37
35	65	90	37	38
36	40	100	38	39
37	20	120	39	40
38	10	145	40	41
39	10	170	41	43
40	20	195	43	44
41	20	220	44	45
42	30	245	45	46
43	30	575	46	47
44	20	600	47	48
45	20	625	48	49
46	30	650	49	50
47	50	670	50	51
48	75	680	51	57
49	10	635	42	53
50	20	660	53	54
51	40	680	54	55
52	65	690	55	56
53	150	690	56	84
54	275	670	61	58
55	940	90	28	106
56	175	680	57	59
57	200	680	59	60
58	225	690	84	86
59	300	690	86	90
60	250	680	60	58
61	325	680	90	75
62	375	670	76	77
63	325	650	61	62
64	400	670	77	82
65	425	660	78	79
66	400	650	62	69
67	425	640	63	64
68	755	660	79	80
69	780	670	82	81
70	780	680	83	89
71	755	690	87	88
72	1130	680	89	9999
73	1130	670	81	9999
74	1065	640	64	65
75	1090	630	65	66
76	1110	610	66	67
77	1120	585	67	68
78	1120	115	68	98
79	1130	90	73	99
80	1075	650	69	70
81	1100	640	70	71
82	1120	620	71	72
83	1130	595	72	73
84	350	680	75	83
85	325	30	2	92
86	300	40	93	94
87	275	40	94	95
88	250	50	96	97
89	10	40	95	9999
90	10	50	97	9999
91	1120	40	100	101
92	1100	20	101	102
93	1075	10	102	103
94	1050	10	103	104
95	1025	20	104	105
96	965	80	105	106
97	1130	65	99	100

0	0	3
1	1	4
2	85	5
3	3	6
4	4	6
5	4	5
6	6	7
7	7	8
8	8	9
9	9	10
10	10	11
11	11	12
12	12	13
13	13	14
14	14	15
15	15	16
16	16	17
17	17	18
18	18	19
19	19	20
20	20	21
21	21	22
22	22	23
23	23	7
24	16	24
25	24	25
26	25	26
27	26	27
28	27	55
29	11	28
30	28	29
31	29	30
32	30	31
33	31	32
34	32	33
35	33	34
36	27	34
37	34	35
38	35	36
39	36	37
40	37	38
41	38	39
42	39	49
43	39	40
44	40	41
45	41	42
46	42	43
47	43	44
48	44	45
49	45	46
50	46	47
51	47	48
52	41	44
53	49	50
54	50	51
55	51	52
56	52	53
57	48	56
58	54	60
59	56	57
60	57	60
61	54	63
62	63	66
63	66	67
64	67	74
65	74	75
66	75	76
67	76	77
68	77	78
69	66	80
70	80	81
71	81	82
72	82	83
73	83	79
74	60	61
75	61	84
76	84	62
77	62	64
78	64	65
79	65	68
80	68	69
81	69	73
82	64	69
83	84	70
84	53	58
85	57	58
86	58	59
87	59	71
88	71	70
89	70	72
90	59	61
91	53	56
92	85	2
93	85	86
94	86	87
95	87	89
96	87	88
97	88	90
98	78	79
99	79	97
100	97	91
101	91	92
102	92	93
103	93	94
104	94	95
105	95	96
106	96	55

0	375	30	4	1	5	4
1	425	10	6	4	3	6
2	450	30	6	7	23	7
3	495	105	10	11	29	11
4	585	175	15	16	24	16
5	325	100	37	35	36	34
6	20	170	41	43	42	39
7	30	220	44	45	52	41
8	30	600	48	47	52	44
9	735	100	28	36	27	27
10	162	670	56	84	91	53
11	162	670	59	57	91	56
12	212	670	86	84	85	58
13	212	670	59	60	85	57
14	250	670	60	58	74	60
15	312	670	75	90	74	61
16	312	670	86	90	87	59
17	350	670	75	83	76	84
18	400	660	77	82	78	64
19	400	640	62	69	63	66
20	780	660	81	82	80	69
21	780	690	89	83	88	70
22	325	40	2	92	93	85
23	275	50	94	95	96	87
24	1120	90	99	73	98	79

1	30	260	30	265
2	20	260	20	265
3	30	560	30	555
4	20	560	20	555
5	10	210	10	215
6	1120	130	1120	135
7	1130	130	1130	135
8	1120	430	1120	425
9	1130	430	1130	425
10	440	640	445	640
11	440	650	445	650
12	440	660	445	660
13	440	670	445	670
14	440	680	445	680
15	440	690	445	690
16	740	640	735	640
17	740	650	735	650
18	740	660	735	660
19	740	670	735	670
20	740	680	735	680
21	740	690	735	690
