number_of_segments	number_of_track_switches	number_of_semaphores
107	25	21

segments
id	point1_x	point1_y	point2_x	point2_y	segment1	segment2
0	-110	10	400	10	9999	3
1	-110	20	375	20	9999	4
2	325	30	350	30	92	5
3	400	10	425	20	0	6
4	375	20	425	20	1	6
5	375	20	350	30	4	2
6	425	20	450	20	4	7
7	450	20	475	30	6	8
8	475	30	495	50	7	9
9	495	50	505	75	8	10
10	505	75	505	105	9	11
11	505	105	505	130	10	12
12	505	130	515	155	11	13
13	515	155	535	175	12	14
14	535	175	560	185	13	15
15	560	185	585	185	14	16
16	585	185	610	175	15	17
17	610	175	630	155	16	18
18	630	155	640	130	17	19
19	640	130	640	75	18	20
20	640	75	630	50	19	21
21	630	50	610	30	20	22
22	610	30	585	20	21	23
23	585	20	450	20	22	6
24	585	185	610	185	15	25
25	610	185	635	175	24	26
26	635	175	710	100	25	27
27	710	100	735	90	26	28
28	735	90	940	90	36	106
29	505	105	495	130	10	30
30	495	130	475	150	29	31
31	475	150	450	160	30	32
32	450	160	425	160	31	33
33	425	160	400	150	32	34
34	400	150	350	100	33	35
35	350	100	325	90	34	37
36	735	90	325	90	28	37
37	325	90	65	90	35	38
38	65	90	40	100	37	39
39	40	100	20	120	38	40
40	20	120	10	145	39	41
41	10	145	10	170	40	43
42	10	170	10	635	41	53
43	10	170	20	195	41	44
44	20	195	20	220	43	45
45	20	220	30	245	44	46
46	30	245	30	575	45	47
47	30	575	20	600	46	48
48	20	600	20	625	47	49
49	20	625	30	650	48	50
50	30	650	50	670	49	51
51	50	670	75	680	50	57
52	20	220	20	600	44	48
53	10	635	20	660	42	54
54	20	660	40	680	53	55
55	40	680	65	690	54	56
56	65	690	150	690	55	84
57	75	680	175	680	51	59
58	275	670	250	680	61	60
59	175	680	200	680	57	60
60	200	680	250	680	59	58
61	275	670	325	650	58	62
62	325	650	400	650	61	69
63	400	650	425	640	62	64
64	425	640	1065	640	63	65
65	1065	640	1090	630	64	66
66	1090	630	1110	610	65	67
67	1110	610	1120	585	66	68
68	1120	585	1120	115	67	98
69	400	650	1075	650	62	70
70	1075	650	1100	640	69	71
71	1100	640	1120	620	70	72
72	1120	620	1130	595	71	73
73	1130	595	1130	90	72	99
74	250	680	325	680	60	75
75	325	680	350	680	90	83
76	350	680	375	670	75	77
77	375	670	400	670	76	82
78	400	670	425	660	77	79
79	425	660	755	660	78	80
80	755	660	780	670	79	81
81	780	670	1330	670	82	9999
82	400	670	780	670	77	81
83	350	680	780	680	75	89
84	150	690	225	690	56	86
85	200	680	225	690	59	86
86	225	690	300	690	84	90
87	300	690	755	690	86	88
88	755	690	780	680	87	89
89	780	680	1330	680	83	9999
90	300	690	325	680	86	75
91	150	690	175	680	56	59
92	325	30	-110	30	2	9999
93	325	30	300	40	2	94
94	300	40	275	40	93	95
95	275	40	-110	40	94	9999
96	275	40	250	50	94	97
97	250	50	-110	50	96	9999
98	1120	115	1130	90	68	99
99	1130	90	1130	65	73	100
100	1130	65	1120	40	99	101
101	1120	40	1100	20	100	102
102	1100	20	1075	10	101	103
103	1075	10	1050	10	102	104
104	1050	10	1025	20	103	105
105	1025	20	965	80	104	106
106	965	80	940	90	105	28

track switches
id	button_x	button_y	segment_first	segment_active	segment_passive
0	375	30	4	1	5
1	425	10	6	4	3
2	450	30	6	7	23
3	495	105	10	11	29
4	585	175	15	16	24
5	325	100	37	35	36
6	20	170	41	43	42
7	30	220	44	45	52
8	30	600	48	47	52
9	735	100	28	36	27
10	162	670	56	84	91
11	162	670	59	57	91
12	212	670	86	84	85
13	212	670	59	60	85
14	250	670	60	58	74
15	312	670	75	90	74
16	312	670	86	90	87
17	350	670	75	83	76
18	400	660	77	82	78
19	400	640	62	69	63
20	780	660	81	82	80
21	780	690	89	83	88
22	325	40	2	92	93
23	275	50	94	95	96
24	1120	90	99	73	98

semaphores
id	light_coord_x	light_coord_y	sensor_coord_x	sensor_coord_y
1	30	260	30	265
2	20	260	20	265
3	30	560	30	555
4	20	560	20	555
5	10	210	10	215
6	1120	130	1120	135
7	1130	130	1130	135
8	1120	430	1120	425
9	1130	430	1130	425
10	440	640	445	640
11	440	650	445	650
12	440	660	445	660
13	440	670	445	670
14	440	680	445	680
15	440	690	445	690
16	740	640	735	640
17	740	650	735	650
18	740	660	735	660
19	740	670	735	670
20	740	680	735	680
21	740	690	735	690
